0010101101110010011101001101000000000000000001011010001101101001110110010010100011100000011001111011101111011011100000110111101000000110101100110000000001101111100101110000111111100000110101100000101101000011100110000011100001010111100001111100111101100100101101000111101111111001110110101100000001110001011010110000110101100001001101010011000100111110101100110011100010001100111011110011000100100100101100000011001010011000001100110101010010100010010000010000001100100000010010110110001001000111001011000011011011000001010011010100100011000000100011111010010101010100000001011101011111011000000010011001101101011101010011100000010110000001
0000111001100111001111011101000000011011000100111010100001111010110100110011010011111111011000101110100010001111100010100110100100000000101110000000010101111100110001110100101111100010110100010101101101000000100011110010001100000111100100011100001001100101101111100011011111111011110111001100011101100001001000100100100101111011001110100011100100101001101000100010010010010110101010000111000000000110111100010011111010001001001111000001100010101000010001100100110100110111010110110111001101000111001111000011001011011000010010100000000111000000110010101011001001000100000101101001011011000101000010111000100001010010000000000001101110000001
0000111000100000011101001100111000011101010001001010111101100001110101000011001011110010011000001011000110011010110011110111111100000001101110000001001001110010110001000000001011100000110010110100001001000011100010110011111100000111100101111100111101100110101101000111101010110000110000101100011001101100001111110000110001100011001000000111010000111111101000110011011110001011111100110111000000101011111110010010001110010100001101110100101011100011010111010100011000110110010010100110011000001001001011000010011010001010010100000100010011000011110001101011100001010110000100001101011110010110000000111001111101011101000001000001110110000100
0000100100100000011011111101010100011001000011011011100100101000110100010010000011111101001011101011101110001110100000110111001000011100111110010000010101110100110110100000111011101111110111110100111001011010100111100011100000001001110100111110101001101011101110010111011011111101100010011100010001100011001000000000100001100100001100100011110001101100101111110011100010010110101010100111000000101100111110010011100110011001001111100101100110110000010000100100001000101010000111100110100000001000001101100010000011001111010100110000000111000000110010101011001001000100000101101001011011000101000010111000100001010010000000000001101110000001
0000111000100000011011101100010100010111000001011011111101101001100101010010110111110110011011001010000110010011110011110110100000001101101111010000010001101111110111110000101011101111110110010000101101011011100011110011100101001110100111011100100101101101101101000011011111111101110111001100110101100011001000110100100101101100001110100011100100101001101110000011000110011010111101000010010000100001101100000011011110011101001111000001100010100111010000000100101000101111010010110111011100001110011110000011011111001111010011010100011011001010110000011111011001011000000110101100011011011010000010111001011101010110000000000000100010000001
0001001101101001001111011101000000000110000001011010011001111100110111000011001011111101011101111010100111011011100111110111101000001100101110000100000101111110110111100001101111101001110111010101100100001000101110010001100001101010101000111110011100100100111101010100010011011001111001001111100101001011011010110000110101100001001101110011000100111111101101110011111110010001101001100010001100101101111100100011001010011011001100110101000111100011010110100100011000100110010010110110001000001111011110000011000011000011010100110100100111001110110111011111011001010011000110111101100111011101010011101000001101010010000000000001101111000000
0001001101101001011100001101000000010001000010001110110101100110110101000010110011100110011000001110100010010110100010100111011000000001101101010000100001110110110111100100101111110010110011000101100101011101100000010010010101010010100000011000111001110011101101000111100111110111100010011101101101100111001010100000010101100001001000000010000000100101101001010111011010001100111000110010000000101101111000100010011110010101011100100101001110100110010010110100001000101010010001110110001000001100001110010011110110001010010000000100100011011011110001111011001101000011010101111101101111011001000010101001111101000001000000000101110010000100
0000000101101110001111011100001000010001000101101010111101101001110001100010100011100000011001011010100110010101110011110110101100001001101111010000000000111101110110000001101111100100110010100100101001011011100000110111000101010100100001101100110001111001101000010111111011100100110111001101101001101011011001100001100101101101001000010011100100111001101000100011011110001100111011110111111001101000110101000011001010001000001100110001100010110011010011000101000100100111010100010110000100000110001110010011110110001010010010000101001111000010110111111010001001010000000110011101011111011010000001111000100101011010000111010101110010001100
0000000101101110011101111100000100000110010001001010100101101001110110110110000111110111011001111010111010011110100111010111111000000110101010100000100001111100110110110100101111110101110111010101100101000000100010110011010101000110100000111000111001011001100111000101101011000000111000001000100101100110001000100001101001101001001110010011110100100111101101110011100011011111111101010011010100101010111100010011010010011101001110110001100010101000010001100100110100100010010101110111000100001010001110010010000011000011000000110100001111001110110111011011101001010000000111001100001111011000000101111001101100010011000001010001001110001110
0001001101100101011011011000000000001101000001011010001101101111100101010010010111111010011001001010110110010111100011100110100000000011101110000000111100110011
